    286  1606
  0.9995949766521789         1         1
  0.0004050233478211         2         1
  0.9506060270308139         2         2
  0.0279682378694504         3         2
  0.0202511673910546         4         2
  0.0008100466956422         1         2
  0.0003645210130390         5         2
  0.9186308094227427         3         3
  0.0810046695642184         2         3
  0.0003645210130390         6         3
  0.9861347007262580         4         4
  0.0135007782607031         2         4
  0.0003645210130390         7         4
  0.8995086446137394         5         5
  0.0791061226213070         6         5
  0.0202511673910546         7         5
  0.0008100466956422         2         5
  0.0003240186782569         8         5
  0.8185039750495209         6         6
  0.0791061226213070         9         6
  0.0202511673910546        10         6
  0.0008100466956422         3         6
  0.0810046695642184         5         6
  0.0003240186782569        11         6
  0.8860078663530362         7         7
  0.0791061226213070        10         7
  0.0202511673910546        12         7
  0.0008100466956422         4         7
  0.0135007782607031         5         7
  0.0003240186782569        13         7
  0.8333280426056485         8         8
  0.1453272269641799        11         8
  0.0202511673910546        13         8
  0.0008100466956422         5         8
  0.0002835163434748        14         8
  0.9186713117575247         9         9
  0.0810046695642184         6         9
  0.0003240186782569        15         9
  0.9051705334968216        10        10
  0.0810046695642184         7        10
  0.0135007782607031         6        10
  0.0003240186782569        16        10
  0.7523233730414300        11        11
  0.1453272269641799        15        11
  0.0202511673910546        16        11
  0.0008100466956422         6        11
  0.0810046695642184         8        11
  0.0002835163434748        17        11
  0.9861752030610400        12        12
  0.0135007782607031         7        12
  0.0003240186782569        18        12
  0.8198272643449455        13        13
  0.1453272269641799        16        13
  0.0202511673910546        18        13
  0.0008100466956422         7        13
  0.0135007782607031         8        13
  0.0002835163434748        19        13
  0.7549498689490075        14        14
  0.2237459029556030        17        14
  0.0202511673910546        19        14
  0.0008100466956422         8        14
  0.0002430140086927        20        14
  0.7523233730414300        15        15
  0.1453272269641799        21        15
  0.0202511673910546        22        15
  0.0008100466956422         9        15
  0.0810046695642184        11        15
  0.0002835163434748        23        15
  0.7388225947807270        16        16
  0.1453272269641799        22        16
  0.0202511673910546        24        16
  0.0008100466956422        10        16
  0.0810046695642184        13        16
  0.0135007782607031        11        16
  0.0002835163434748        25        16
  0.6739451993847891        17        17
  0.2237459029556030        23        17
  0.0202511673910546        25        17
  0.0008100466956422        11        17
  0.0810046695642184        14        17
  0.0002430140086927        26        17
  0.8198272643449455        18        18
  0.1453272269641799        24        18
  0.0202511673910546        27        18
  0.0008100466956422        12        18
  0.0135007782607031        13        18
  0.0002835163434748        28        18
  0.7414490906883044        19        19
  0.2237459029556030        25        19
  0.0202511673910546        28        19
  0.0008100466956422        13        19
  0.0135007782607031        14        19
  0.0002430140086927        29        19
  0.6660418688045181        20        20
  0.3126944054348746        26        20
  0.0202511673910546        29        20
  0.0008100466956422        14        20
  0.0002025116739105        30        20
  0.9187118140923068        21        21
  0.0810046695642184        15        21
  0.0002835163434748        31        21
  0.9052110358316038        22        22
  0.0810046695642184        16        22
  0.0135007782607031        15        22
  0.0002835163434748        32        22
  0.6739451993847891        23        23
  0.2237459029556030        31        23
  0.0202511673910546        32        23
  0.0008100466956422        15        23
  0.0810046695642184        17        23
  0.0002430140086927        33        23
  0.9052110358316038        24        24
  0.0810046695642184        18        24
  0.0135007782607031        16        24
  0.0002835163434748        34        24
  0.6604444211240861        25        25
  0.2237459029556030        32        25
  0.0202511673910546        34        25
  0.0008100466956422        16        25
  0.0810046695642184        19        25
  0.0135007782607031        17        25
  0.0002430140086927        35        25
  0.5850371992402996        26        26
  0.3126944054348746        33        26
  0.0202511673910546        35        26
  0.0008100466956422        17        26
  0.0810046695642184        20        26
  0.0002025116739105        36        26
  0.9862157053958222        27        27
  0.0135007782607031        18        27
  0.0002835163434748        37        27
  0.7414490906883044        28        28
  0.2237459029556030        34        28
  0.0202511673910546        37        28
  0.0008100466956422        18        28
  0.0135007782607031        19        28
  0.0002430140086927        38        28
  0.6525410905438150        29        29
  0.3126944054348746        35        29
  0.0202511673910546        38        29
  0.0008100466956422        19        29
  0.0135007782607031        20        29
  0.0002025116739105        39        29
  0.5677293058645423        30        30
  0.4110474707096324        36        30
  0.0202511673910546        39        30
  0.0008100466956422        20        30
  0.0001620093391284        40        30
  0.6739451993847891        31        31
  0.2237459029556030        41        31
  0.0202511673910546        42        31
  0.0008100466956422        21        31
  0.0810046695642184        23        31
  0.0002430140086927        43        31
  0.6604444211240861        32        32
  0.2237459029556030        42        32
  0.0202511673910546        44        32
  0.0008100466956422        22        32
  0.0810046695642184        25        32
  0.0135007782607031        23        32
  0.0002430140086927        45        32
  0.5850371992402996        33        33
  0.3126944054348746        43        33
  0.0202511673910546        45        33
  0.0008100466956422        23        33
  0.0810046695642184        26        33
  0.0002025116739105        46        33
  0.6604444211240861        34        34
  0.2237459029556030        44        34
  0.0202511673910546        47        34
  0.0008100466956422        24        34
  0.0810046695642184        28        34
  0.0135007782607031        25        34
  0.0002430140086927        48        34
  0.5715364209795966        35        35
  0.3126944054348746        45        35
  0.0202511673910546        48        35
  0.0008100466956422        25        35
  0.0810046695642184        29        35
  0.0135007782607031        26        35
  0.0002025116739105        49        35
  0.4867246363003239        36        36
  0.4110474707096324        46        36
  0.0202511673910546        49        36
  0.0008100466956422        26        36
  0.0810046695642184        30        36
  0.0001620093391284        50        36
  0.7414490906883044        37        37
  0.2237459029556030        47        37
  0.0202511673910546        51        37
  0.0008100466956422        27        37
  0.0135007782607031        28        37
  0.0002430140086927        52        37
  0.6525410905438150        38        38
  0.3126944054348746        48        38
  0.0202511673910546        52        38
  0.0008100466956422        28        38
  0.0135007782607031        29        38
  0.0002025116739105        53        38
  0.5542285276038392        39        39
  0.4110474707096324        49        39
  0.0202511673910546        53        39
  0.0008100466956422        29        39
  0.0135007782607031        30        39
  0.0001620093391284        54        39
  0.4608382648301043        40        40
  0.5179790140788526        50        40
  0.0202511673910546        54        40
  0.0008100466956422        30        40
  0.0001215070043463        55        40
  0.9187523164270890        41        41
  0.0810046695642184        31        41
  0.0002430140086927        56        41
  0.9052515381663859        42        42
  0.0810046695642184        32        42
  0.0135007782607031        31        42
  0.0002430140086927        57        42
  0.5850371992402996        43        43
  0.3126944054348746        56        43
  0.0202511673910546        57        43
  0.0008100466956422        31        43
  0.0810046695642184        33        43
  0.0002025116739105        58        43
  0.9052515381663859        44        44
  0.0810046695642184        34        44
  0.0135007782607031        32        44
  0.0002430140086927        59        44
  0.5715364209795966        45        45
  0.3126944054348746        57        45
  0.0202511673910546        59        45
  0.0008100466956422        32        45
  0.0810046695642184        35        45
  0.0135007782607031        33        45
  0.0002025116739105        60        45
  0.4867246363003239        46        46
  0.4110474707096324        58        46
  0.0202511673910546        60        46
  0.0008100466956422        33        46
  0.0810046695642184        36        46
  0.0001620093391284        61        46
  0.9052515381663859        47        47
  0.0810046695642184        37        47
  0.0135007782607031        34        47
  0.0002430140086927        62        47
  0.5715364209795966        48        48
  0.3126944054348746        59        48
  0.0202511673910546        62        48
  0.0008100466956422        34        48
  0.0810046695642184        38        48
  0.0135007782607031        35        48
  0.0002025116739105        63        48
  0.4732238580396209        49        49
  0.4110474707096324        60        49
  0.0202511673910546        63        49
  0.0008100466956422        35        49
  0.0810046695642184        39        49
  0.0135007782607031        36        49
  0.0001620093391284        64        49
  0.3798335952658859        50        50
  0.5179790140788526        61        50
  0.0202511673910546        64        50
  0.0008100466956422        36        50
  0.0810046695642184        40        50
  0.0001215070043463        65        50
  0.9862562077306043        51        51
  0.0135007782607031        37        51
  0.0002430140086927        66        51
  0.6525410905438150        52        52
  0.3126944054348746        62        52
  0.0202511673910546        66        52
  0.0008100466956422        37        52
  0.0135007782607031        38        52
  0.0002025116739105        67        52
  0.5542285276038392        53        53
  0.4110474707096324        63        53
  0.0202511673910546        67        53
  0.0008100466956422        38        53
  0.0135007782607031        39        53
  0.0001620093391284        68        53
  0.4473374865694012        54        54
  0.5179790140788526        64        54
  0.0202511673910546        68        54
  0.0008100466956422        39        54
  0.0135007782607031        40        54
  0.0001215070043463        69        54
  0.3460088002732827        55        55
  0.6328489809704563        65        55
  0.0202511673910546        69        55
  0.0008100466956422        40        55
  0.0000810046695642        70        55
  0.5850371992402996        56        56
  0.3126944054348746        71        56
  0.0202511673910546        72        56
  0.0008100466956422        41        56
  0.0810046695642184        43        56
  0.0002025116739105        73        56
  0.5715364209795966        57        57
  0.3126944054348746        72        57
  0.0202511673910546        74        57
  0.0008100466956422        42        57
  0.0810046695642184        45        57
  0.0135007782607031        43        57
  0.0002025116739105        75        57
  0.4867246363003239        58        58
  0.4110474707096324        73        58
  0.0202511673910546        75        58
  0.0008100466956422        43        58
  0.0810046695642184        46        58
  0.0001620093391284        76        58
  0.5715364209795966        59        59
  0.3126944054348746        74        59
  0.0202511673910546        77        59
  0.0008100466956422        44        59
  0.0810046695642184        48        59
  0.0135007782607031        45        59
  0.0002025116739105        78        59
  0.4732238580396209        60        60
  0.4110474707096324        75        60
  0.0202511673910546        78        60
  0.0008100466956422        45        60
  0.0810046695642184        49        60
  0.0135007782607031        46        60
  0.0001620093391284        79        60
  0.3798335952658859        61        61
  0.5179790140788526        76        61
  0.0202511673910546        79        61
  0.0008100466956422        46        61
  0.0810046695642184        50        61
  0.0001215070043463        80        61
  0.5715364209795966        62        62
  0.3126944054348746        77        62
  0.0202511673910546        81        62
  0.0008100466956422        47        62
  0.0810046695642184        52        62
  0.0135007782607031        48        62
  0.0002025116739105        82        62
  0.4732238580396209        63        63
  0.4110474707096324        78        63
  0.0202511673910546        82        63
  0.0008100466956422        48        63
  0.0810046695642184        53        63
  0.0135007782607031        49        63
  0.0001620093391284        83        63
  0.3663328170051828        64        64
  0.5179790140788526        79        64
  0.0202511673910546        83        64
  0.0008100466956422        49        64
  0.0810046695642184        54        64
  0.0135007782607031        50        64
  0.0001215070043463        84        64
  0.2650041307090644        65        65
  0.6328489809704563        80        65
  0.0202511673910546        84        65
  0.0008100466956422        50        65
  0.0810046695642184        55        65
  0.0000810046695642        85        65
  0.6525410905438150        66        66
  0.3126944054348746        81        66
  0.0202511673910546        86        66
  0.0008100466956422        51        66
  0.0135007782607031        52        66
  0.0002025116739105        87        66
  0.5542285276038392        67        67
  0.4110474707096324        82        67
  0.0202511673910546        87        67
  0.0008100466956422        52        67
  0.0135007782607031        53        67
  0.0001620093391284        88        67
  0.4473374865694012        68        68
  0.5179790140788526        83        68
  0.0202511673910546        88        68
  0.0008100466956422        53        68
  0.0135007782607031        54        68
  0.0001215070043463        89        68
  0.3325080220125797        69        69
  0.6328489809704563        84        69
  0.0202511673910546        89        69
  0.0008100466956422        54        69
  0.0135007782607031        55        69
  0.0000810046695642        90        69
  0.2237558611033610        70        70
  0.7551424224751602        85        70
  0.0202511673910546        90        70
  0.0008100466956422        55        70
  0.0000405023347821        91        70
  0.9187928187618710        71        71
  0.0810046695642184        56        71
  0.0002025116739105        92        71
  0.9052920405011680        72        72
  0.0810046695642184        57        72
  0.0135007782607031        56        72
  0.0002025116739105        93        72
  0.4867246363003239        73        73
  0.4110474707096324        92        73
  0.0202511673910546        93        73
  0.0008100466956422        56        73
  0.0810046695642184        58        73
  0.0001620093391284        94        73
  0.9052920405011680        74        74
  0.0810046695642184        59        74
  0.0135007782607031        57        74
  0.0002025116739105        95        74
  0.4732238580396209        75        75
  0.4110474707096324        93        75
  0.0202511673910546        95        75
  0.0008100466956422        57        75
  0.0810046695642184        60        75
  0.0135007782607031        58        75
  0.0001620093391284        96        75
  0.3798335952658859        76        76
  0.5179790140788526        94        76
  0.0202511673910546        96        76
  0.0008100466956422        58        76
  0.0810046695642184        61        76
  0.0001215070043463        97        76
  0.9052920405011680        77        77
  0.0810046695642184        62        77
  0.0135007782607031        59        77
  0.0002025116739105        98        77
  0.4732238580396209        78        78
  0.4110474707096324        95        78
  0.0202511673910546        98        78
  0.0008100466956422        59        78
  0.0810046695642184        63        78
  0.0135007782607031        60        78
  0.0001620093391284        99        78
  0.3663328170051828        79        79
  0.5179790140788526        96        79
  0.0202511673910546        99        79
  0.0008100466956422        60        79
  0.0810046695642184        64        79
  0.0135007782607031        61        79
  0.0001215070043463       100        79
  0.2650041307090644        80        80
  0.6328489809704563        97        80
  0.0202511673910546       100        80
  0.0008100466956422        61        80
  0.0810046695642184        65        80
  0.0000810046695642       101        80
  0.9052920405011680        81        81
  0.0810046695642184        66        81
  0.0135007782607031        62        81
  0.0002025116739105       102        81
  0.4732238580396209        82        82
  0.4110474707096324        98        82
  0.0202511673910546       102        82
  0.0008100466956422        62        82
  0.0810046695642184        67        82
  0.0135007782607031        63        82
  0.0001620093391284       103        82
  0.3663328170051828        83        83
  0.5179790140788526        99        83
  0.0202511673910546       103        83
  0.0008100466956422        63        83
  0.0810046695642184        68        83
  0.0135007782607031        64        83
  0.0001215070043463       104        83
  0.2515033524483613        84        84
  0.6328489809704563       100        84
  0.0202511673910546       104        84
  0.0008100466956422        64        84
  0.0810046695642184        69        84
  0.0135007782607031        65        84
  0.0000810046695642       105        84
  0.1427511915391425        85        85
  0.7551424224751602       101        85
  0.0202511673910546       105        85
  0.0008100466956422        65        85
  0.0810046695642184        70        85
  0.0000405023347821       106        85
  0.9862967100653864        86        86
  0.0135007782607031        66        86
  0.0002025116739105       107        86
  0.5542285276038392        87        87
  0.4110474707096324       102        87
  0.0202511673910546       107        87
  0.0008100466956422        66        87
  0.0135007782607031        67        87
  0.0001620093391284       108        87
  0.4473374865694012        88        88
  0.5179790140788526       103        88
  0.0202511673910546       108        88
  0.0008100466956422        67        88
  0.0135007782607031        68        88
  0.0001215070043463       109        88
  0.3325080220125797        89        89
  0.6328489809704563       104        89
  0.0202511673910546       109        89
  0.0008100466956422        68        89
  0.0135007782607031        69        89
  0.0000810046695642       110        89
  0.2102550828426578        90        90
  0.7551424224751602       105        90
  0.0202511673910546       110        90
  0.0008100466956422        69        90
  0.0135007782607031        70        90
  0.0000405023347821       111        90
  0.0945054478249215        91        91
  0.8844333380883819       106        91
  0.0202511673910546       111        91
  0.0008100466956422        70        91
  0.4867246363003239        92        92
  0.4110474707096324       112        92
  0.0202511673910546       113        92
  0.0008100466956422        71        92
  0.0810046695642184        73        92
  0.0001620093391284       114        92
  0.4732238580396209        93        93
  0.4110474707096324       113        93
  0.0202511673910546       115        93
  0.0008100466956422        72        93
  0.0810046695642184        75        93
  0.0135007782607031        73        93
  0.0001620093391284       116        93
  0.3798335952658859        94        94
  0.5179790140788526       114        94
  0.0202511673910546       116        94
  0.0008100466956422        73        94
  0.0810046695642184        76        94
  0.0001215070043463       117        94
  0.4732238580396209        95        95
  0.4110474707096324       115        95
  0.0202511673910546       118        95
  0.0008100466956422        74        95
  0.0810046695642184        78        95
  0.0135007782607031        75        95
  0.0001620093391284       119        95
  0.3663328170051828        96        96
  0.5179790140788526       116        96
  0.0202511673910546       119        96
  0.0008100466956422        75        96
  0.0810046695642184        79        96
  0.0135007782607031        76        96
  0.0001215070043463       120        96
  0.2650041307090644        97        97
  0.6328489809704563       117        97
  0.0202511673910546       120        97
  0.0008100466956422        76        97
  0.0810046695642184        80        97
  0.0000810046695642       121        97
  0.4732238580396209        98        98
  0.4110474707096324       118        98
  0.0202511673910546       122        98
  0.0008100466956422        77        98
  0.0810046695642184        82        98
  0.0135007782607031        78        98
  0.0001620093391284       123        98
  0.3663328170051828        99        99
  0.5179790140788526       119        99
  0.0202511673910546       123        99
  0.0008100466956422        78        99
  0.0810046695642184        83        99
  0.0135007782607031        79        99
  0.0001215070043463       124        99
  0.2515033524483613       100       100
  0.6328489809704563       120       100
  0.0202511673910546       124       100
  0.0008100466956422        79       100
  0.0810046695642184        84       100
  0.0135007782607031        80       100
  0.0000810046695642       125       100
  0.1427511915391425       101       101
  0.7551424224751602       121       101
  0.0202511673910546       125       101
  0.0008100466956422        80       101
  0.0810046695642184        85       101
  0.0000405023347821       126       101
  0.4732238580396209       102       102
  0.4110474707096324       122       102
  0.0202511673910546       127       102
  0.0008100466956422        81       102
  0.0810046695642184        87       102
  0.0135007782607031        82       102
  0.0001620093391284       128       102
  0.3663328170051828       103       103
  0.5179790140788526       123       103
  0.0202511673910546       128       103
  0.0008100466956422        82       103
  0.0810046695642184        88       103
  0.0135007782607031        83       103
  0.0001215070043463       129       103
  0.2515033524483613       104       104
  0.6328489809704563       124       104
  0.0202511673910546       129       104
  0.0008100466956422        83       104
  0.0810046695642184        89       104
  0.0135007782607031        84       104
  0.0000810046695642       130       104
  0.1292504132784394       105       105
  0.7551424224751602       125       105
  0.0202511673910546       130       105
  0.0008100466956422        84       105
  0.0810046695642184        90       105
  0.0135007782607031        85       105
  0.0000405023347821       131       105
  0.0135007782607031       106       106
  0.8844333380883819       126       106
  0.0202511673910546       131       106
  0.0008100466956422        85       106
  0.0810046695642184        91       106
  0.5542285276038392       107       107
  0.4110474707096324       127       107
  0.0202511673910546       132       107
  0.0008100466956422        86       107
  0.0135007782607031        87       107
  0.0001620093391284       133       107
  0.4473374865694012       108       108
  0.5179790140788526       128       108
  0.0202511673910546       133       108
  0.0008100466956422        87       108
  0.0135007782607031        88       108
  0.0001215070043463       134       108
  0.3325080220125797       109       109
  0.6328489809704563       129       109
  0.0202511673910546       134       109
  0.0008100466956422        88       109
  0.0135007782607031        89       109
  0.0000810046695642       135       109
  0.2102550828426578       110       110
  0.7551424224751602       130       110
  0.0202511673910546       135       110
  0.0008100466956422        89       110
  0.0135007782607031        90       110
  0.0000405023347821       136       110
  0.0810046695642185       111       111
  0.8844333380883819       131       111
  0.0202511673910546       136       111
  0.0008100466956422        90       111
  0.0135007782607031        91       111
  0.9188333210966532       112       112
  0.0810046695642184        92       112
  0.0001620093391284       137       112
  0.9053325428359501       113       113
  0.0810046695642184        93       113
  0.0135007782607031        92       113
  0.0001620093391284       138       113
  0.3798335952658859       114       114
  0.5179790140788526       137       114
  0.0202511673910546       138       114
  0.0008100466956422        92       114
  0.0810046695642184        94       114
  0.0001215070043463       139       114
  0.9053325428359501       115       115
  0.0810046695642184        95       115
  0.0135007782607031        93       115
  0.0001620093391284       140       115
  0.3663328170051828       116       116
  0.5179790140788526       138       116
  0.0202511673910546       140       116
  0.0008100466956422        93       116
  0.0810046695642184        96       116
  0.0135007782607031        94       116
  0.0001215070043463       141       116
  0.2650041307090644       117       117
  0.6328489809704563       139       117
  0.0202511673910546       141       117
  0.0008100466956422        94       117
  0.0810046695642184        97       117
  0.0000810046695642       142       117
  0.9053325428359501       118       118
  0.0810046695642184        98       118
  0.0135007782607031        95       118
  0.0001620093391284       143       118
  0.3663328170051828       119       119
  0.5179790140788526       140       119
  0.0202511673910546       143       119
  0.0008100466956422        95       119
  0.0810046695642184        99       119
  0.0135007782607031        96       119
  0.0001215070043463       144       119
  0.2515033524483613       120       120
  0.6328489809704563       141       120
  0.0202511673910546       144       120
  0.0008100466956422        96       120
  0.0810046695642184       100       120
  0.0135007782607031        97       120
  0.0000810046695642       145       120
  0.1427511915391425       121       121
  0.7551424224751602       142       121
  0.0202511673910546       145       121
  0.0008100466956422        97       121
  0.0810046695642184       101       121
  0.0000405023347821       146       121
  0.9053325428359501       122       122
  0.0810046695642184       102       122
  0.0135007782607031        98       122
  0.0001620093391284       147       122
  0.3663328170051828       123       123
  0.5179790140788526       143       123
  0.0202511673910546       147       123
  0.0008100466956422        98       123
  0.0810046695642184       103       123
  0.0135007782607031        99       123
  0.0001215070043463       148       123
  0.2515033524483613       124       124
  0.6328489809704563       144       124
  0.0202511673910546       148       124
  0.0008100466956422        99       124
  0.0810046695642184       104       124
  0.0135007782607031       100       124
  0.0000810046695642       149       124
  0.1292504132784394       125       125
  0.7551424224751602       145       125
  0.0202511673910546       149       125
  0.0008100466956422       100       125
  0.0810046695642184       105       125
  0.0135007782607031       101       125
  0.0000405023347821       150       125
  0.0135007782607031       126       126
  0.8844333380883819       146       126
  0.0202511673910546       150       126
  0.0008100466956422       101       126
  0.0810046695642184       106       126
  0.9053325428359501       127       127
  0.0810046695642184       107       127
  0.0135007782607031       102       127
  0.0001620093391284       151       127
  0.3663328170051828       128       128
  0.5179790140788526       147       128
  0.0202511673910546       151       128
  0.0008100466956422       102       128
  0.0810046695642184       108       128
  0.0135007782607031       103       128
  0.0001215070043463       152       128
  0.2515033524483613       129       129
  0.6328489809704563       148       129
  0.0202511673910546       152       129
  0.0008100466956422       103       129
  0.0810046695642184       109       129
  0.0135007782607031       104       129
  0.0000810046695642       153       129
  0.1292504132784394       130       130
  0.7551424224751602       149       130
  0.0202511673910546       153       130
  0.0008100466956422       104       130
  0.0810046695642184       110       130
  0.0135007782607031       105       130
  0.0000405023347821       154       130
  0.0000000000000000       131       131
  0.8844333380883819       150       131
  0.0202511673910546       154       131
  0.0008100466956422       105       131
  0.0810046695642184       111       131
  0.0135007782607031       106       131
  0.9863372124001685       132       132
  0.0135007782607031       107       132
  0.0001620093391284       155       132
  0.4473374865694012       133       133
  0.5179790140788526       151       133
  0.0202511673910546       155       133
  0.0008100466956422       107       133
  0.0135007782607031       108       133
  0.0001215070043463       156       133
  0.3325080220125797       134       134
  0.6328489809704563       152       134
  0.0202511673910546       156       134
  0.0008100466956422       108       134
  0.0135007782607031       109       134
  0.0000810046695642       157       134
  0.2102550828426578       135       135
  0.7551424224751602       153       135
  0.0202511673910546       157       135
  0.0008100466956422       109       135
  0.0135007782607031       110       135
  0.0000405023347821       158       135
  0.0810046695642185       136       136
  0.8844333380883819       154       136
  0.0202511673910546       158       136
  0.0008100466956422       110       136
  0.0135007782607031       111       136
  0.3798335952658859       137       137
  0.5179790140788526       159       137
  0.0202511673910546       160       137
  0.0008100466956422       112       137
  0.0810046695642184       114       137
  0.0001215070043463       161       137
  0.3663328170051828       138       138
  0.5179790140788526       160       138
  0.0202511673910546       162       138
  0.0008100466956422       113       138
  0.0810046695642184       116       138
  0.0135007782607031       114       138
  0.0001215070043463       163       138
  0.2650041307090644       139       139
  0.6328489809704563       161       139
  0.0202511673910546       163       139
  0.0008100466956422       114       139
  0.0810046695642184       117       139
  0.0000810046695642       164       139
  0.3663328170051828       140       140
  0.5179790140788526       162       140
  0.0202511673910546       165       140
  0.0008100466956422       115       140
  0.0810046695642184       119       140
  0.0135007782607031       116       140
  0.0001215070043463       166       140
  0.2515033524483613       141       141
  0.6328489809704563       163       141
  0.0202511673910546       166       141
  0.0008100466956422       116       141
  0.0810046695642184       120       141
  0.0135007782607031       117       141
  0.0000810046695642       167       141
  0.1427511915391425       142       142
  0.7551424224751602       164       142
  0.0202511673910546       167       142
  0.0008100466956422       117       142
  0.0810046695642184       121       142
  0.0000405023347821       168       142
  0.3663328170051828       143       143
  0.5179790140788526       165       143
  0.0202511673910546       169       143
  0.0008100466956422       118       143
  0.0810046695642184       123       143
  0.0135007782607031       119       143
  0.0001215070043463       170       143
  0.2515033524483613       144       144
  0.6328489809704563       166       144
  0.0202511673910546       170       144
  0.0008100466956422       119       144
  0.0810046695642184       124       144
  0.0135007782607031       120       144
  0.0000810046695642       171       144
  0.1292504132784394       145       145
  0.7551424224751602       167       145
  0.0202511673910546       171       145
  0.0008100466956422       120       145
  0.0810046695642184       125       145
  0.0135007782607031       121       145
  0.0000405023347821       172       145
  0.0135007782607031       146       146
  0.8844333380883819       168       146
  0.0202511673910546       172       146
  0.0008100466956422       121       146
  0.0810046695642184       126       146
  0.3663328170051828       147       147
  0.5179790140788526       169       147
  0.0202511673910546       173       147
  0.0008100466956422       122       147
  0.0810046695642184       128       147
  0.0135007782607031       123       147
  0.0001215070043463       174       147
  0.2515033524483613       148       148
  0.6328489809704563       170       148
  0.0202511673910546       174       148
  0.0008100466956422       123       148
  0.0810046695642184       129       148
  0.0135007782607031       124       148
  0.0000810046695642       175       148
  0.1292504132784394       149       149
  0.7551424224751602       171       149
  0.0202511673910546       175       149
  0.0008100466956422       124       149
  0.0810046695642184       130       149
  0.0135007782607031       125       149
  0.0000405023347821       176       149
  0.0000000000000000       150       150
  0.8844333380883819       172       150
  0.0202511673910546       176       150
  0.0008100466956422       125       150
  0.0810046695642184       131       150
  0.0135007782607031       126       150
  0.3663328170051828       151       151
  0.5179790140788526       173       151
  0.0202511673910546       177       151
  0.0008100466956422       127       151
  0.0810046695642184       133       151
  0.0135007782607031       128       151
  0.0001215070043463       178       151
  0.2515033524483613       152       152
  0.6328489809704563       174       152
  0.0202511673910546       178       152
  0.0008100466956422       128       152
  0.0810046695642184       134       152
  0.0135007782607031       129       152
  0.0000810046695642       179       152
  0.1292504132784394       153       153
  0.7551424224751602       175       153
  0.0202511673910546       179       153
  0.0008100466956422       129       153
  0.0810046695642184       135       153
  0.0135007782607031       130       153
  0.0000405023347821       180       153
  0.0000000000000000       154       154
  0.8844333380883819       176       154
  0.0202511673910546       180       154
  0.0008100466956422       130       154
  0.0810046695642184       136       154
  0.0135007782607031       131       154
  0.4473374865694012       155       155
  0.5179790140788526       177       155
  0.0202511673910546       181       155
  0.0008100466956422       132       155
  0.0135007782607031       133       155
  0.0001215070043463       182       155
  0.3325080220125797       156       156
  0.6328489809704563       178       156
  0.0202511673910546       182       156
  0.0008100466956422       133       156
  0.0135007782607031       134       156
  0.0000810046695642       183       156
  0.2102550828426578       157       157
  0.7551424224751602       179       157
  0.0202511673910546       183       157
  0.0008100466956422       134       157
  0.0135007782607031       135       157
  0.0000405023347821       184       157
  0.0810046695642185       158       158
  0.8844333380883819       180       158
  0.0202511673910546       184       158
  0.0008100466956422       135       158
  0.0135007782607031       136       158
  0.9188738234314353       159       159
  0.0810046695642184       137       159
  0.0001215070043463       185       159
  0.9053730451707322       160       160
  0.0810046695642184       138       160
  0.0135007782607031       137       160
  0.0001215070043463       186       160
  0.2650041307090644       161       161
  0.6328489809704563       185       161
  0.0202511673910546       186       161
  0.0008100466956422       137       161
  0.0810046695642184       139       161
  0.0000810046695642       187       161
  0.9053730451707322       162       162
  0.0810046695642184       140       162
  0.0135007782607031       138       162
  0.0001215070043463       188       162
  0.2515033524483613       163       163
  0.6328489809704563       186       163
  0.0202511673910546       188       163
  0.0008100466956422       138       163
  0.0810046695642184       141       163
  0.0135007782607031       139       163
  0.0000810046695642       189       163
  0.1427511915391425       164       164
  0.7551424224751602       187       164
  0.0202511673910546       189       164
  0.0008100466956422       139       164
  0.0810046695642184       142       164
  0.0000405023347821       190       164
  0.9053730451707322       165       165
  0.0810046695642184       143       165
  0.0135007782607031       140       165
  0.0001215070043463       191       165
  0.2515033524483613       166       166
  0.6328489809704563       188       166
  0.0202511673910546       191       166
  0.0008100466956422       140       166
  0.0810046695642184       144       166
  0.0135007782607031       141       166
  0.0000810046695642       192       166
  0.1292504132784394       167       167
  0.7551424224751602       189       167
  0.0202511673910546       192       167
  0.0008100466956422       141       167
  0.0810046695642184       145       167
  0.0135007782607031       142       167
  0.0000405023347821       193       167
  0.0135007782607031       168       168
  0.8844333380883819       190       168
  0.0202511673910546       193       168
  0.0008100466956422       142       168
  0.0810046695642184       146       168
  0.9053730451707322       169       169
  0.0810046695642184       147       169
  0.0135007782607031       143       169
  0.0001215070043463       194       169
  0.2515033524483613       170       170
  0.6328489809704563       191       170
  0.0202511673910546       194       170
  0.0008100466956422       143       170
  0.0810046695642184       148       170
  0.0135007782607031       144       170
  0.0000810046695642       195       170
  0.1292504132784394       171       171
  0.7551424224751602       192       171
  0.0202511673910546       195       171
  0.0008100466956422       144       171
  0.0810046695642184       149       171
  0.0135007782607031       145       171
  0.0000405023347821       196       171
  0.0000000000000000       172       172
  0.8844333380883819       193       172
  0.0202511673910546       196       172
  0.0008100466956422       145       172
  0.0810046695642184       150       172
  0.0135007782607031       146       172
  0.9053730451707322       173       173
  0.0810046695642184       151       173
  0.0135007782607031       147       173
  0.0001215070043463       197       173
  0.2515033524483613       174       174
  0.6328489809704563       194       174
  0.0202511673910546       197       174
  0.0008100466956422       147       174
  0.0810046695642184       152       174
  0.0135007782607031       148       174
  0.0000810046695642       198       174
  0.1292504132784394       175       175
  0.7551424224751602       195       175
  0.0202511673910546       198       175
  0.0008100466956422       148       175
  0.0810046695642184       153       175
  0.0135007782607031       149       175
  0.0000405023347821       199       175
  0.0000000000000000       176       176
  0.8844333380883819       196       176
  0.0202511673910546       199       176
  0.0008100466956422       149       176
  0.0810046695642184       154       176
  0.0135007782607031       150       176
  0.9053730451707322       177       177
  0.0810046695642184       155       177
  0.0135007782607031       151       177
  0.0001215070043463       200       177
  0.2515033524483613       178       178
  0.6328489809704563       197       178
  0.0202511673910546       200       178
  0.0008100466956422       151       178
  0.0810046695642184       156       178
  0.0135007782607031       152       178
  0.0000810046695642       201       178
  0.1292504132784394       179       179
  0.7551424224751602       198       179
  0.0202511673910546       201       179
  0.0008100466956422       152       179
  0.0810046695642184       157       179
  0.0135007782607031       153       179
  0.0000405023347821       202       179
  0.0000000000000000       180       180
  0.8844333380883819       199       180
  0.0202511673910546       202       180
  0.0008100466956422       153       180
  0.0810046695642184       158       180
  0.0135007782607031       154       180
  0.9863777147349506       181       181
  0.0135007782607031       155       181
  0.0001215070043463       203       181
  0.3325080220125797       182       182
  0.6328489809704563       200       182
  0.0202511673910546       203       182
  0.0008100466956422       155       182
  0.0135007782607031       156       182
  0.0000810046695642       204       182
  0.2102550828426578       183       183
  0.7551424224751602       201       183
  0.0202511673910546       204       183
  0.0008100466956422       156       183
  0.0135007782607031       157       183
  0.0000405023347821       205       183
  0.0810046695642185       184       184
  0.8844333380883819       202       184
  0.0202511673910546       205       184
  0.0008100466956422       157       184
  0.0135007782607031       158       184
  0.2650041307090644       185       185
  0.6328489809704563       206       185
  0.0202511673910546       207       185
  0.0008100466956422       159       185
  0.0810046695642184       161       185
  0.0000810046695642       208       185
  0.2515033524483613       186       186
  0.6328489809704563       207       186
  0.0202511673910546       209       186
  0.0008100466956422       160       186
  0.0810046695642184       163       186
  0.0135007782607031       161       186
  0.0000810046695642       210       186
  0.1427511915391425       187       187
  0.7551424224751602       208       187
  0.0202511673910546       210       187
  0.0008100466956422       161       187
  0.0810046695642184       164       187
  0.0000405023347821       211       187
  0.2515033524483613       188       188
  0.6328489809704563       209       188
  0.0202511673910546       212       188
  0.0008100466956422       162       188
  0.0810046695642184       166       188
  0.0135007782607031       163       188
  0.0000810046695642       213       188
  0.1292504132784394       189       189
  0.7551424224751602       210       189
  0.0202511673910546       213       189
  0.0008100466956422       163       189
  0.0810046695642184       167       189
  0.0135007782607031       164       189
  0.0000405023347821       214       189
  0.0135007782607031       190       190
  0.8844333380883819       211       190
  0.0202511673910546       214       190
  0.0008100466956422       164       190
  0.0810046695642184       168       190
  0.2515033524483613       191       191
  0.6328489809704563       212       191
  0.0202511673910546       215       191
  0.0008100466956422       165       191
  0.0810046695642184       170       191
  0.0135007782607031       166       191
  0.0000810046695642       216       191
  0.1292504132784394       192       192
  0.7551424224751602       213       192
  0.0202511673910546       216       192
  0.0008100466956422       166       192
  0.0810046695642184       171       192
  0.0135007782607031       167       192
  0.0000405023347821       217       192
  0.0000000000000000       193       193
  0.8844333380883819       214       193
  0.0202511673910546       217       193
  0.0008100466956422       167       193
  0.0810046695642184       172       193
  0.0135007782607031       168       193
  0.2515033524483613       194       194
  0.6328489809704563       215       194
  0.0202511673910546       218       194
  0.0008100466956422       169       194
  0.0810046695642184       174       194
  0.0135007782607031       170       194
  0.0000810046695642       219       194
  0.1292504132784394       195       195
  0.7551424224751602       216       195
  0.0202511673910546       219       195
  0.0008100466956422       170       195
  0.0810046695642184       175       195
  0.0135007782607031       171       195
  0.0000405023347821       220       195
  0.0000000000000000       196       196
  0.8844333380883819       217       196
  0.0202511673910546       220       196
  0.0008100466956422       171       196
  0.0810046695642184       176       196
  0.0135007782607031       172       196
  0.2515033524483613       197       197
  0.6328489809704563       218       197
  0.0202511673910546       221       197
  0.0008100466956422       173       197
  0.0810046695642184       178       197
  0.0135007782607031       174       197
  0.0000810046695642       222       197
  0.1292504132784394       198       198
  0.7551424224751602       219       198
  0.0202511673910546       222       198
  0.0008100466956422       174       198
  0.0810046695642184       179       198
  0.0135007782607031       175       198
  0.0000405023347821       223       198
  0.0000000000000000       199       199
  0.8844333380883819       220       199
  0.0202511673910546       223       199
  0.0008100466956422       175       199
  0.0810046695642184       180       199
  0.0135007782607031       176       199
  0.2515033524483613       200       200
  0.6328489809704563       221       200
  0.0202511673910546       224       200
  0.0008100466956422       177       200
  0.0810046695642184       182       200
  0.0135007782607031       178       200
  0.0000810046695642       225       200
  0.1292504132784394       201       201
  0.7551424224751602       222       201
  0.0202511673910546       225       201
  0.0008100466956422       178       201
  0.0810046695642184       183       201
  0.0135007782607031       179       201
  0.0000405023347821       226       201
  0.0000000000000000       202       202
  0.8844333380883819       223       202
  0.0202511673910546       226       202
  0.0008100466956422       179       202
  0.0810046695642184       184       202
  0.0135007782607031       180       202
  0.3325080220125797       203       203
  0.6328489809704563       224       203
  0.0202511673910546       227       203
  0.0008100466956422       181       203
  0.0135007782607031       182       203
  0.0000810046695642       228       203
  0.2102550828426578       204       204
  0.7551424224751602       225       204
  0.0202511673910546       228       204
  0.0008100466956422       182       204
  0.0135007782607031       183       204
  0.0000405023347821       229       204
  0.0810046695642185       205       205
  0.8844333380883819       226       205
  0.0202511673910546       229       205
  0.0008100466956422       183       205
  0.0135007782607031       184       205
  0.9189143257662173       206       206
  0.0810046695642184       185       206
  0.0000810046695642       230       206
  0.9054135475055143       207       207
  0.0810046695642184       186       207
  0.0135007782607031       185       207
  0.0000810046695642       231       207
  0.1427511915391425       208       208
  0.7551424224751602       230       208
  0.0202511673910546       231       208
  0.0008100466956422       185       208
  0.0810046695642184       187       208
  0.0000405023347821       232       208
  0.9054135475055143       209       209
  0.0810046695642184       188       209
  0.0135007782607031       186       209
  0.0000810046695642       233       209
  0.1292504132784394       210       210
  0.7551424224751602       231       210
  0.0202511673910546       233       210
  0.0008100466956422       186       210
  0.0810046695642184       189       210
  0.0135007782607031       187       210
  0.0000405023347821       234       210
  0.0135007782607031       211       211
  0.8844333380883819       232       211
  0.0202511673910546       234       211
  0.0008100466956422       187       211
  0.0810046695642184       190       211
  0.9054135475055143       212       212
  0.0810046695642184       191       212
  0.0135007782607031       188       212
  0.0000810046695642       235       212
  0.1292504132784394       213       213
  0.7551424224751602       233       213
  0.0202511673910546       235       213
  0.0008100466956422       188       213
  0.0810046695642184       192       213
  0.0135007782607031       189       213
  0.0000405023347821       236       213
  0.0000000000000000       214       214
  0.8844333380883819       234       214
  0.0202511673910546       236       214
  0.0008100466956422       189       214
  0.0810046695642184       193       214
  0.0135007782607031       190       214
  0.9054135475055143       215       215
  0.0810046695642184       194       215
  0.0135007782607031       191       215
  0.0000810046695642       237       215
  0.1292504132784394       216       216
  0.7551424224751602       235       216
  0.0202511673910546       237       216
  0.0008100466956422       191       216
  0.0810046695642184       195       216
  0.0135007782607031       192       216
  0.0000405023347821       238       216
  0.0000000000000000       217       217
  0.8844333380883819       236       217
  0.0202511673910546       238       217
  0.0008100466956422       192       217
  0.0810046695642184       196       217
  0.0135007782607031       193       217
  0.9054135475055143       218       218
  0.0810046695642184       197       218
  0.0135007782607031       194       218
  0.0000810046695642       239       218
  0.1292504132784394       219       219
  0.7551424224751602       237       219
  0.0202511673910546       239       219
  0.0008100466956422       194       219
  0.0810046695642184       198       219
  0.0135007782607031       195       219
  0.0000405023347821       240       219
  0.0000000000000000       220       220
  0.8844333380883819       238       220
  0.0202511673910546       240       220
  0.0008100466956422       195       220
  0.0810046695642184       199       220
  0.0135007782607031       196       220
  0.9054135475055143       221       221
  0.0810046695642184       200       221
  0.0135007782607031       197       221
  0.0000810046695642       241       221
  0.1292504132784394       222       222
  0.7551424224751602       239       222
  0.0202511673910546       241       222
  0.0008100466956422       197       222
  0.0810046695642184       201       222
  0.0135007782607031       198       222
  0.0000405023347821       242       222
  0.0000000000000000       223       223
  0.8844333380883819       240       223
  0.0202511673910546       242       223
  0.0008100466956422       198       223
  0.0810046695642184       202       223
  0.0135007782607031       199       223
  0.9054135475055143       224       224
  0.0810046695642184       203       224
  0.0135007782607031       200       224
  0.0000810046695642       243       224
  0.1292504132784394       225       225
  0.7551424224751602       241       225
  0.0202511673910546       243       225
  0.0008100466956422       200       225
  0.0810046695642184       204       225
  0.0135007782607031       201       225
  0.0000405023347821       244       225
  0.0000000000000000       226       226
  0.8844333380883819       242       226
  0.0202511673910546       244       226
  0.0008100466956422       201       226
  0.0810046695642184       205       226
  0.0135007782607031       202       226
  0.9864182170697328       227       227
  0.0135007782607031       203       227
  0.0000810046695642       245       227
  0.2102550828426578       228       228
  0.7551424224751602       243       228
  0.0202511673910546       245       228
  0.0008100466956422       203       228
  0.0135007782607031       204       228
  0.0000405023347821       246       228
  0.0810046695642185       229       229
  0.8844333380883819       244       229
  0.0202511673910546       246       229
  0.0008100466956422       204       229
  0.0135007782607031       205       229
  0.1427511915391425       230       230
  0.7551424224751602       247       230
  0.0202511673910546       248       230
  0.0008100466956422       206       230
  0.0810046695642184       208       230
  0.0000405023347821       249       230
  0.1292504132784394       231       231
  0.7551424224751602       248       231
  0.0202511673910546       250       231
  0.0008100466956422       207       231
  0.0810046695642184       210       231
  0.0135007782607031       208       231
  0.0000405023347821       251       231
  0.0135007782607031       232       232
  0.8844333380883819       249       232
  0.0202511673910546       251       232
  0.0008100466956422       208       232
  0.0810046695642184       211       232
  0.1292504132784394       233       233
  0.7551424224751602       250       233
  0.0202511673910546       252       233
  0.0008100466956422       209       233
  0.0810046695642184       213       233
  0.0135007782607031       210       233
  0.0000405023347821       253       233
  0.0000000000000000       234       234
  0.8844333380883819       251       234
  0.0202511673910546       253       234
  0.0008100466956422       210       234
  0.0810046695642184       214       234
  0.0135007782607031       211       234
  0.1292504132784394       235       235
  0.7551424224751602       252       235
  0.0202511673910546       254       235
  0.0008100466956422       212       235
  0.0810046695642184       216       235
  0.0135007782607031       213       235
  0.0000405023347821       255       235
  0.0000000000000000       236       236
  0.8844333380883819       253       236
  0.0202511673910546       255       236
  0.0008100466956422       213       236
  0.0810046695642184       217       236
  0.0135007782607031       214       236
  0.1292504132784394       237       237
  0.7551424224751602       254       237
  0.0202511673910546       256       237
  0.0008100466956422       215       237
  0.0810046695642184       219       237
  0.0135007782607031       216       237
  0.0000405023347821       257       237
  0.0000000000000000       238       238
  0.8844333380883819       255       238
  0.0202511673910546       257       238
  0.0008100466956422       216       238
  0.0810046695642184       220       238
  0.0135007782607031       217       238
  0.1292504132784394       239       239
  0.7551424224751602       256       239
  0.0202511673910546       258       239
  0.0008100466956422       218       239
  0.0810046695642184       222       239
  0.0135007782607031       219       239
  0.0000405023347821       259       239
  0.0000000000000000       240       240
  0.8844333380883819       257       240
  0.0202511673910546       259       240
  0.0008100466956422       219       240
  0.0810046695642184       223       240
  0.0135007782607031       220       240
  0.1292504132784394       241       241
  0.7551424224751602       258       241
  0.0202511673910546       260       241
  0.0008100466956422       221       241
  0.0810046695642184       225       241
  0.0135007782607031       222       241
  0.0000405023347821       261       241
  0.0000000000000000       242       242
  0.8844333380883819       259       242
  0.0202511673910546       261       242
  0.0008100466956422       222       242
  0.0810046695642184       226       242
  0.0135007782607031       223       242
  0.1292504132784394       243       243
  0.7551424224751602       260       243
  0.0202511673910546       262       243
  0.0008100466956422       224       243
  0.0810046695642184       228       243
  0.0135007782607031       225       243
  0.0000405023347821       263       243
  0.0000000000000000       244       244
  0.8844333380883819       261       244
  0.0202511673910546       263       244
  0.0008100466956422       225       244
  0.0810046695642184       229       244
  0.0135007782607031       226       244
  0.2102550828426578       245       245
  0.7551424224751602       262       245
  0.0202511673910546       264       245
  0.0008100466956422       227       245
  0.0135007782607031       228       245
  0.0000405023347821       265       245
  0.0810046695642185       246       246
  0.8844333380883819       263       246
  0.0202511673910546       265       246
  0.0008100466956422       228       246
  0.0135007782607031       229       246
  0.9189548281009995       247       247
  0.0810046695642184       230       247
  0.0000405023347821       266       247
  0.9054540498402964       248       248
  0.0810046695642184       231       248
  0.0135007782607031       230       248
  0.0000405023347821       267       248
  0.0135007782607031       249       249
  0.8844333380883819       266       249
  0.0202511673910546       267       249
  0.0008100466956422       230       249
  0.0810046695642184       232       249
  0.9054540498402964       250       250
  0.0810046695642184       233       250
  0.0135007782607031       231       250
  0.0000405023347821       268       250
  0.0000000000000000       251       251
  0.8844333380883819       267       251
  0.0202511673910546       268       251
  0.0008100466956422       231       251
  0.0810046695642184       234       251
  0.0135007782607031       232       251
  0.9054540498402964       252       252
  0.0810046695642184       235       252
  0.0135007782607031       233       252
  0.0000405023347821       269       252
  0.0000000000000000       253       253
  0.8844333380883819       268       253
  0.0202511673910546       269       253
  0.0008100466956422       233       253
  0.0810046695642184       236       253
  0.0135007782607031       234       253
  0.9054540498402964       254       254
  0.0810046695642184       237       254
  0.0135007782607031       235       254
  0.0000405023347821       270       254
  0.0000000000000000       255       255
  0.8844333380883819       269       255
  0.0202511673910546       270       255
  0.0008100466956422       235       255
  0.0810046695642184       238       255
  0.0135007782607031       236       255
  0.9054540498402964       256       256
  0.0810046695642184       239       256
  0.0135007782607031       237       256
  0.0000405023347821       271       256
  0.0000000000000000       257       257
  0.8844333380883819       270       257
  0.0202511673910546       271       257
  0.0008100466956422       237       257
  0.0810046695642184       240       257
  0.0135007782607031       238       257
  0.9054540498402964       258       258
  0.0810046695642184       241       258
  0.0135007782607031       239       258
  0.0000405023347821       272       258
  0.0000000000000000       259       259
  0.8844333380883819       271       259
  0.0202511673910546       272       259
  0.0008100466956422       239       259
  0.0810046695642184       242       259
  0.0135007782607031       240       259
  0.9054540498402964       260       260
  0.0810046695642184       243       260
  0.0135007782607031       241       260
  0.0000405023347821       273       260
  0.0000000000000000       261       261
  0.8844333380883819       272       261
  0.0202511673910546       273       261
  0.0008100466956422       241       261
  0.0810046695642184       244       261
  0.0135007782607031       242       261
  0.9054540498402964       262       262
  0.0810046695642184       245       262
  0.0135007782607031       243       262
  0.0000405023347821       274       262
  0.0000000000000000       263       263
  0.8844333380883819       273       263
  0.0202511673910546       274       263
  0.0008100466956422       243       263
  0.0810046695642184       246       263
  0.0135007782607031       244       263
  0.9864587194045148       264       264
  0.0135007782607031       245       264
  0.0000405023347821       275       264
  0.0810046695642185       265       265
  0.8844333380883819       274       265
  0.0202511673910546       275       265
  0.0008100466956422       245       265
  0.0135007782607031       246       265
  0.0135007782607031       266       266
  0.8844333380883819       276       266
  0.0202511673910546       277       266
  0.0008100466956422       247       266
  0.0810046695642184       249       266
  0.0000000000000000       267       267
  0.8844333380883819       277       267
  0.0202511673910546       278       267
  0.0008100466956422       248       267
  0.0810046695642184       251       267
  0.0135007782607031       249       267
  0.0000000000000000       268       268
  0.8844333380883819       278       268
  0.0202511673910546       279       268
  0.0008100466956422       250       268
  0.0810046695642184       253       268
  0.0135007782607031       251       268
  0.0000000000000000       269       269
  0.8844333380883819       279       269
  0.0202511673910546       280       269
  0.0008100466956422       252       269
  0.0810046695642184       255       269
  0.0135007782607031       253       269
  0.0000000000000000       270       270
  0.8844333380883819       280       270
  0.0202511673910546       281       270
  0.0008100466956422       254       270
  0.0810046695642184       257       270
  0.0135007782607031       255       270
  0.0000000000000000       271       271
  0.8844333380883819       281       271
  0.0202511673910546       282       271
  0.0008100466956422       256       271
  0.0810046695642184       259       271
  0.0135007782607031       257       271
  0.0000000000000000       272       272
  0.8844333380883819       282       272
  0.0202511673910546       283       272
  0.0008100466956422       258       272
  0.0810046695642184       261       272
  0.0135007782607031       259       272
  0.0000000000000000       273       273
  0.8844333380883819       283       273
  0.0202511673910546       284       273
  0.0008100466956422       260       273
  0.0810046695642184       263       273
  0.0135007782607031       261       273
  0.0000000000000000       274       274
  0.8844333380883819       284       274
  0.0202511673910546       285       274
  0.0008100466956422       262       274
  0.0810046695642184       265       274
  0.0135007782607031       263       274
  0.0810046695642185       275       275
  0.8844333380883819       285       275
  0.0202511673910546       286       275
  0.0008100466956422       264       275
  0.0135007782607031       265       275
  0.9189953304357816       276       276
  0.0810046695642184       266       276
  0.9054945521750786       277       277
  0.0810046695642184       267       277
  0.0135007782607031       266       277
  0.9054945521750786       278       278
  0.0810046695642184       268       278
  0.0135007782607031       267       278
  0.9054945521750786       279       279
  0.0810046695642184       269       279
  0.0135007782607031       268       279
  0.9054945521750786       280       280
  0.0810046695642184       270       280
  0.0135007782607031       269       280
  0.9054945521750786       281       281
  0.0810046695642184       271       281
  0.0135007782607031       270       281
  0.9054945521750786       282       282
  0.0810046695642184       272       282
  0.0135007782607031       271       282
  0.9054945521750786       283       283
  0.0810046695642184       273       283
  0.0135007782607031       272       283
  0.9054945521750786       284       284
  0.0810046695642184       274       284
  0.0135007782607031       273       284
  0.9054945521750786       285       285
  0.0810046695642184       275       285
  0.0135007782607031       274       285
  0.9864992217392969       286       286
  0.0135007782607031       275       286
 -1   -1   -1